NDBC_Buoy_Data = [... 
[0.0325	0.0375	0.0425	0.0475	0.0525	0.0575	0.0625	0.0675	0.0725	0.0775	0.0825	0.0875	0.0925	0.1	0.11	0.12	0.13	0.14	0.15	0.16	0.17	0.18	0.19	0.2	0.21	0.22	0.23	0.24	0.25	0.26	0.27	0.28	0.29	0.3	0.31	0.32	0.33	0.34	0.35	0.365	0.385	0.405	0.425	0.445	0.465	0.485]; ...
[0.005	0.005	0.005	0.005	0.005	0.005	0.005	0.005	0.005	0.005	0.005	0.005	0.005	0.01	0.01	0.01	0.01	0.01	0.01	0.01	0.01	0.01	0.01	0.01	0.01	0.01	0.01	0.01	0.01	0.01	0.01	0.01	0.01	0.01	0.01	0.01	0.01	0.01	0.01	0.02	0.02	0.02	0.02	0.02	0.02	0.02]; ...
[0	0	0	0	0	0.092	0.092	0.138	0.184	0.092	0	0	0.092	0.046	0.138	0.922	4.38	3.919	4.61	2.351	1.521	0.645	0.876	0.553	0.553	0.461	0.184	0.184	0.231	0.184	0.046	0.046	0.092	0.046	0.046	0	0.046	0.046	0	0	0	0	0	0	0	0]; ...
[0	0	0	0	0	0	0	0	0	0	0	0	0	1.986	3.738	3.679	2.102	3.095	4.146	3.971	5.84	2.745	2.219	1.518	0.642	0.876	0.642	0.409	0.409	0.292	0.234	0.35	0.409	0.35	0.117	0.234	0.175	0.175	0.058	0.058	0.058	0	0	0	0	0]; ...
[0	0	0	0	0	0	0	0	1.102	2.204	5.51	20.938	52.345	55.1	23.142	13.775	4.959	3.857	3.857	2.755	2.204	2.204	1.102	1.102	0.551	1.102	0.551	0	0.551	0	0	0	0	0	0	0	0	0	0	0	0	0	0	0	0	0]; ...
[0	0	0	0	0	0	0.006	0.032	0.038	0.023	0.023	0.023	0.038	0.094	0.255	0.217	0.07	0.226	0.076	0.056	0.05	0.097	0.094	0.214	0.243	0.293	0.097	0.117	0.097	0.105	0.029	0.053	0.05	0.047	0.021	0.029	0.021	0.012	0.015	0.015	0.012	0.009	0.003	0.006	0.003	0]; ...
];